4000
2 2
2 2
70 0
85 0
85 3
91 0
93 1
97 0
136 3
139 1
160 3
173 1
173 1
200 1
200 0
228 1
232 0
255 2
272 2
275 2
286 2
288 2
294 2
297 3
297 3
306 0
311 0
315 3
333 2
335 3
350 0
360 0
396 1
439 3
451 3
461 3
488 2
28 6
30 4
39 6
76 6
87 7
86 7
87 6
93 7
98 4
113 4
115 6
116 6
137 7
144 5
147 6
156 7
163 4
201 6
219 4
224 4
224 4
233 4
245 4
267 7
284 5
300 7
304 6
326 5
343 6
358 5
365 5
378 6
397 5
423 4
439 7
440 5
454 7
465 4
474 4
481 7
32 10
76 8
79 9
78 10
80 10
101 9
112 9
118 10
156 8
174 8
204 8
208 9
258 10
300 8
329 8
397 9
448 9
471 9
50 12
54 14
116 12
117 11
153 12
158 14
162 11
163 14
165 13
182 13
184 11
186 13
210 11
226 11
248 14
265 14
264 14
278 11
288 11
306 13
305 11
314 11
313 11
360 11
371 11
378 12
386 13
386 13
402 11
407 12
415 12
414 13
422 14
432 12
471 13
474 12
496 11
28 16
63 15
142 17
158 15
165 16
169 17
170 15
170 16
189 17
208 16
218 15
218 15
241 16
254 16
256 16
277 15
313 16
351 15
369 15
403 16
424 17
426 17
430 17
428 15
447 17
450 15
457 15
460 15
497 16
3 19
0 18
17 18
32 21
38 20
44 21
44 21
47 19
120 19
128 18
161 18
164 19
167 21
172 20
203 21
216 21
262 19
273 19
273 20
298 19
306 18
309 20
317 18
334 18
367 21
369 18
372 20
388 19
386 21
411 20
416 18
439 20
449 18
460 21
477 21
486 20
493 21
4 24
48 22
53 24
66 23
71 24
143 22
161 22
194 23
197 22
276 24
304 22
310 24
329 24
361 23
370 22
378 23
414 24
435 24
492 24
498 24
498 24
6 28
31 28
51 26
69 25
76 25
102 27
140 25
150 25
163 27
170 25
176 28
185 27
202 26
233 26
273 28
276 25
280 25
296 27
299 26
337 28
336 28
349 25
355 28
412 28
440 27
479 25
481 26
0 30
6 31
6 31
4 29
35 31
39 29
44 31
51 29
57 29
81 31
98 29
100 31
131 30
139 29
215 30
213 31
233 30
240 29
244 31
279 29
288 31
291 31
302 29
316 30
321 30
389 30
419 31
452 31
496 29
36 33
38 35
53 33
66 35
74 33
80 33
84 32
100 32
144 33
162 33
169 35
224 32
261 35
285 32
296 32
299 35
320 32
328 32
328 35
372 35
381 33
393 32
407 34
419 32
445 34
446 35
464 34
484 32
487 35
488 33
13 37
139 36
138 36
142 36
161 37
194 37
193 37
213 37
237 36
258 38
286 36
300 37
314 36
337 38
429 38
457 36
457 37
471 38
0 39
12 42
12 39
23 41
32 39
54 39
141 39
152 39
150 39
153 41
174 39
237 40
248 41
267 41
291 41
296 42
297 40
327 39
332 39
336 41
352 39
377 41
380 41
445 39
453 41
467 39
467 42
487 41
498 42
3 44
3 44
2 44
24 43
28 44
46 45
51 45
57 43
72 44
149 45
162 43
167 44
167 44
184 43
184 43
200 44
216 44
254 45
312 43
322 44
340 44
347 44
388 43
403 45
422 45
430 43
453 43
468 44
469 44
474 43
492 45
47 47
48 48
50 49
70 47
104 49
110 47
134 46
148 49
174 48
201 49
229 48
256 49
266 48
286 47
328 48
339 47
340 48
364 49
377 47
382 47
425 49
436 47
451 49
481 49
0 51
7 53
17 51
26 53
33 51
35 51
45 50
55 51
61 53
79 51
89 51
136 52
145 51
149 50
151 51
196 50
200 53
200 53
250 51
265 52
272 50
281 50
290 51
299 50
297 50
329 52
385 52
491 51
493 52
7 54
7 56
52 54
58 55
61 56
85 55
93 56
98 56
110 54
119 54
133 54
135 56
150 56
165 55
174 56
201 54
207 56
217 56
248 56
274 54
284 55
301 56
301 56
391 55
392 56
400 55
408 55
438 56
438 54
449 56
458 55
479 54
482 55
493 56
496 56
1 60
21 57
38 59
41 60
45 59
53 57
72 58
95 59
95 58
100 60
149 59
179 59
179 57
186 59
189 60
193 59
194 58
194 58
206 57
209 59
249 58
275 58
282 59
286 57
285 59
330 59
341 59
345 60
348 58
385 59
383 58
415 59
429 58
433 57
446 59
12 61
31 63
39 62
55 61
57 62
62 61
68 62
70 62
94 62
119 61
178 62
218 62
259 61
281 62
343 63
349 63
352 62
358 61
397 63
408 62
451 62
466 62
1 67
25 64
45 64
85 67
92 67
107 66
113 66
144 65
142 67
162 67
174 65
177 66
192 65
233 67
233 65
246 64
257 64
285 65
350 66
416 65
419 64
446 64
463 64
466 67
470 65
476 64
476 64
481 66
495 65
5 68
22 70
63 70
97 69
99 68
188 69
195 70
198 68
213 70
229 68
282 69
285 69
329 69
332 69
330 69
330 69
345 68
367 70
376 68
385 69
383 69
387 68
389 68
447 69
1 73
8 73
28 74
30 74
32 71
60 73
96 73
102 73
118 71
143 73
177 72
178 74
190 72
188 71
196 74
208 72
209 74
219 72
221 73
228 73
261 74
286 72
287 71
291 72
300 72
303 73
336 73
357 73
385 73
401 73
409 73
489 71
0 77
20 77
91 76
109 77
289 75
311 77
323 77
369 76
384 77
444 77
449 76
12 78
13 80
11 79
28 78
52 78
63 78
64 81
79 81
99 78
132 78
174 78
194 79
199 81
207 81
250 79
256 79
270 78
279 79
283 79
299 79
302 78
333 81
378 80
392 80
448 80
452 81
464 79
484 80
16 82
49 84
75 82
96 84
101 84
153 82
204 82
214 84
251 82
266 82
299 84
302 84
308 84
321 84
343 83
348 82
364 82
386 84
455 83
462 84
467 84
483 83
11 85
23 85
26 86
36 88
58 85
82 85
93 85
93 86
98 85
130 88
140 87
153 85
189 87
217 86
223 86
241 87
259 86
279 87
294 86
300 88
300 88
328 86
342 88
362 87
374 88
377 85
395 86
394 85
418 88
430 87
437 87
470 88
496 88
4 91
22 91
55 90
124 89
170 89
195 90
210 89
225 89
226 91
236 89
321 91
331 90
341 91
402 90
401 90
426 89
475 91
481 91
481 91
486 90
1 94
33 93
34 94
56 95
54 94
68 95
87 92
89 93
89 93
112 95
132 92
134 95
136 93
140 94
156 94
187 93
192 92
193 92
194 94
223 93
227 94
233 93
272 93
273 94
278 94
311 93
318 93
316 95
316 94
324 95
342 92
342 92
354 92
380 94
380 94
395 93
408 95
446 94
447 92
22 96
25 97
46 96
54 97
57 97
82 96
96 98
109 97
116 98
116 98
141 97
153 96
172 98
213 96
276 98
282 96
296 96
327 97
373 98
377 98
388 96
429 98
480 97
485 96
14 100
49 102
87 99
96 101
148 100
145 102
164 101
169 100
198 100
213 101
215 102
223 101
228 102
237 101
248 99
262 101
290 102
296 102
297 100
318 102
434 99
451 99
476 102
6 104
8 105
10 105
16 105
48 103
46 105
84 103
94 106
92 106
102 106
103 106
112 105
121 105
121 106
126 105
135 104
141 105
148 105
161 105
163 104
171 105
183 104
206 103
211 105
225 103
264 105
291 104
309 106
337 105
341 105
355 103
361 104
384 103
384 105
390 105
405 104
459 103
459 103
467 104
497 105
5 108
5 108
28 109
48 107
119 109
121 109
154 109
187 108
205 109
222 109
227 109
254 107
285 107
293 109
294 109
294 109
303 107
319 108
331 107
373 107
374 108
402 109
406 108
444 108
453 108
22 110
30 111
72 111
84 110
112 110
122 112
132 110
140 110
153 113
177 112
188 112
207 113
207 113
220 112
243 113
246 113
250 112
272 110
269 110
273 111
274 113
277 112
309 113
314 112
312 110
377 110
398 113
464 113
476 110
491 110
498 113
32 116
32 116
52 114
109 115
139 114
160 116
166 115
166 115
188 114
202 116
215 116
217 115
244 115
259 116
275 116
277 114
313 115
319 116
322 114
326 116
341 116
375 115
391 115
427 116
437 116
453 116
453 116
487 114
14 120
26 117
45 117
60 120
65 119
67 120
80 120
86 120
108 120
124 120
134 118
136 120
145 117
199 119
200 117
199 118
203 117
202 118
231 120
258 120
269 120
277 119
299 117
318 119
318 117
321 120
323 118
326 118
339 119
369 117
371 117
398 118
441 119
477 119
498 119
1 122
2 121
30 121
35 121
49 122
101 123
116 123
142 123
145 123
175 123
195 122
202 122
209 122
209 122
231 123
247 121
260 123
284 122
294 123
318 121
367 123
405 122
419 121
477 123
63 127
72 124
93 127
96 126
121 126
127 125
150 125
149 127
155 124
161 126
180 124
195 124
202 126
204 126
210 126
228 127
252 126
253 125
271 126
313 126
340 127
350 125
389 124
398 125
397 127
420 125
419 124
432 126
438 125
449 127
451 126
454 126
467 124
474 125
478 127
55 129
66 129
110 129
117 128
181 130
225 130
252 128
279 128
280 130
281 129
290 129
327 130
339 128
340 129
349 130
412 128
453 130
465 130
494 130
498 130
0 134
19 133
36 133
44 132
61 133
67 133
70 134
114 133
132 134
144 133
148 132
171 131
171 132
180 132
195 134
205 132
205 132
250 131
254 134
261 131
263 131
274 134
277 132
282 134
290 133
324 131
396 134
437 131
439 131
442 134
442 133
447 133
454 132
456 134
474 133
493 132
498 131
496 131
10 136
77 137
117 137
130 136
130 135
146 136
157 136
167 136
169 136
205 135
209 137
219 136
238 135
276 136
355 135
405 137
411 136
413 135
432 135
433 137
443 136
453 136
458 137
483 135
6 140
26 138
41 140
69 141
79 138
100 140
113 138
127 138
150 139
159 141
200 138
242 139
250 141
263 139
268 140
296 138
317 139
315 141
317 139
364 138
421 140
433 139
438 141
445 141
13 142
50 144
115 143
189 142
198 144
201 142
209 144
209 144
250 142
262 144
262 142
266 143
322 142
342 144
359 143
364 142
371 143
372 144
379 143
380 144
449 144
455 142
476 143
6 148
14 148
40 145
49 146
51 145
55 146
67 145
83 147
95 146
96 145
107 147
115 148
119 147
136 148
138 145
158 147
158 147
168 145
185 145
226 146
231 146
234 145
243 145
243 145
262 146
263 147
285 146
287 145
306 148
323 145
348 146
378 147
430 145
481 147
481 147
490 148
7 152
95 150
95 152
100 149
120 152
120 152
119 150
120 151
121 151
124 151
140 149
148 149
158 152
217 149
236 151
236 149
251 149
297 149
301 152
344 149
373 151
377 151
432 150
433 152
433 150
444 149
443 152
449 152
449 152
468 150
16 155
36 155
74 155
94 153
95 155
120 153
168 153
167 153
194 153
193 155
204 154
272 154
281 154
327 154
328 154
362 154
376 153
401 153
414 153
420 154
423 154
443 154
478 155
494 155
9 157
21 157
28 159
35 158
42 158
61 157
66 159
74 158
78 157
112 157
129 158
135 157
146 157
178 159
182 159
210 159
231 158
238 159
246 157
278 156
278 156
277 156
280 159
296 158
305 159
320 157
320 157
323 156
394 156
406 156
408 158
420 156
419 157
455 159
468 159
479 157
10 160
47 160
56 162
67 161
89 160
99 161
141 160
168 160
193 160
200 160
260 162
264 161
274 161
291 162
295 162
330 161
334 161
364 161
372 160
390 160
416 160
442 160
472 161
482 161
0 166
27 165
134 166
156 163
194 164
197 166
200 163
205 166
241 166
258 166
262 165
262 163
279 165
282 163
280 163
288 166
295 163
297 166
305 163
305 163
335 166
337 165
395 165
410 166
430 166
452 163
471 164
473 165
482 163
12 169
16 169
33 169
41 169
43 167
48 169
74 168
77 167
83 167
91 167
119 168
124 169
127 169
127 168
184 168
197 169
201 169
246 168
254 169
297 169
325 167
365 168
378 168
397 168
399 167
429 169
473 169
473 169
478 168
484 167
1 171
11 170
12 171
22 172
22 171
51 173
90 172
90 172
111 170
141 170
199 170
214 170
241 172
253 172
301 171
344 173
347 171
364 172
365 173
384 171
400 170
437 172
463 171
470 170
488 172
9 176
15 176
19 175
51 174
66 174
68 175
77 175
86 174
101 176
116 175
131 174
142 174
208 174
206 176
270 175
269 176
277 175
409 174
415 174
434 174
436 176
445 175
462 176
480 176
481 174
487 174
9 179
24 177
25 180
57 179
113 179
115 177
155 179
159 179
160 180
220 180
258 178
270 179
274 180
276 178
280 180
286 178
293 180
314 177
318 178
331 179
341 179
343 180
394 180
409 178
416 177
439 180
494 177
30 181
76 182
102 182
120 182
118 182
119 183
153 182
172 183
173 183
186 181
194 183
229 181
230 183
251 181
257 183
265 182
280 182
310 183
410 183
417 183
428 181
432 181
432 182
25 184
25 186
25 187
34 185
69 187
107 187
144 184
144 184
153 186
168 184
168 185
180 185
186 186
193 187
198 184
222 185
225 184
228 185
228 187
264 185
294 184
299 187
323 186
324 185
348 187
358 185
359 187
369 187
405 187
431 187
432 185
441 184
445 187
445 187
457 187
457 187
472 184
474 184
24 189
26 189
36 190
36 190
48 188
62 190
62 190
77 190
108 190
116 190
119 189
139 189
146 188
164 189
169 189
196 189
203 188
212 189
213 188
228 189
239 189
254 190
271 190
303 190
342 189
375 190
394 188
422 188
440 188
448 188
448 189
452 190
453 188
486 189
26 193
27 191
33 194
55 191
73 191
86 192
113 194
121 194
131 191
152 191
156 194
173 193
180 193
221 191
226 191
249 193
281 193
328 192
354 193
379 194
385 194
398 193
410 192
408 193
448 191
447 192
456 192
459 192
459 192
479 193
486 193
485 192
491 193
490 191
2 196
90 195
121 195
147 196
168 197
177 197
201 196
210 196
235 195
250 196
252 197
281 196
327 195
326 196
330 195
391 197
412 197
490 196
492 195
20 199
23 199
26 201
84 201
85 201
88 198
100 201
100 199
157 200
170 200
198 201
206 199
207 198
231 200
238 198
273 201
291 201
316 200
329 200
352 198
356 198
366 198
376 201
387 201
394 201
436 199
441 198
445 201
461 200
468 201
471 200
21 203
30 203
29 205
30 203
32 204
50 205
61 203
69 204
132 205
149 204
155 204
159 205
173 202
218 202
250 205
269 202
286 202
315 202
316 202
329 202
344 203
349 202
350 203
377 202
382 203
392 202
397 202
404 202
420 205
446 204
475 205
479 203
482 202
494 205
13 207
120 207
128 206
136 206
162 208
171 206
193 208
237 206
245 207
244 207
267 208
311 208
320 208
329 206
341 206
348 207
381 208
383 206
382 208
397 207
15 209
21 210
26 209
44 210
44 209
69 209
91 209
95 211
121 210
132 211
139 212
159 211
170 211
175 209
179 212
232 210
232 210
240 211
249 209
252 210
257 209
283 209
289 211
289 210
321 212
347 212
375 210
382 209
389 210
420 211
420 211
434 210
443 210
449 209
454 209
465 211
466 211
464 210
477 210
497 209
61 214
64 213
71 213
98 214
124 213
128 213
179 215
249 213
257 215
276 214
290 215
316 214
334 213
388 213
416 213
433 214
484 214
5 218
16 216
21 218
39 219
97 219
102 218
127 218
145 219
159 216
165 217
172 218
171 219
207 217
221 218
223 219
233 218
233 217
243 216
251 216
281 216
306 216
344 216
355 218
376 217
396 218
411 218
419 216
423 217
421 217
423 217
422 218
423 218
445 218
458 216
477 217
490 218
31 221
66 220
100 221
108 221
113 220
129 221
182 220
206 221
223 220
239 220
242 220
268 222
268 221
268 221
286 221
288 220
293 222
321 220
350 221
363 220
367 220
374 222
407 220
409 221
414 221
440 222
456 222
462 221
492 220
492 220
14 226
75 223
96 226
107 225
114 223
162 225
172 224
209 224
209 226
213 226
216 223
223 226
226 226
276 224
280 226
281 224
289 225
298 224
350 225
352 225
365 225
372 225
377 224
379 223
462 225
22 229
24 229
63 228
77 229
85 229
85 228
101 228
111 228
122 229
137 227
167 229
182 228
204 229
293 228
321 227
348 228
347 228
362 229
402 228
406 229
409 229
431 228
456 228
7 230
12 232
17 230
35 231
56 232
65 231
79 230
82 233
85 233
86 233
98 233
118 230
149 231
162 233
160 232
192 230
215 231
217 232
228 230
277 230
289 230
340 231
343 233
357 233
378 231
404 231
408 233
420 233
422 232
431 232
444 231
446 230
451 232
452 230
463 233
479 230
479 230
44 236
79 234
90 234
102 234
109 236
116 236
129 236
200 236
207 234
231 236
242 234
244 234
250 236
253 236
260 234
264 236
267 234
321 235
319 235
362 235
378 236
381 234
394 236
414 235
422 234
429 235
484 235
492 235
495 234
6 239
12 239
26 238
97 239
103 237
110 238
126 237
128 237
132 239
135 238
147 238
160 240
190 240
218 237
244 237
248 238
252 239
252 239
258 240
275 240
291 240
302 237
314 239
319 237
344 238
391 237
401 240
428 240
455 238
474 237
481 238
9 241
41 242
71 242
71 242
91 242
99 241
114 243
116 241
126 242
163 241
204 241
221 243
226 241
237 243
251 241
281 242
294 242
297 241
308 243
316 243
330 241
367 241
369 242
393 242
402 243
403 241
409 241
425 243
431 241
478 242
17 244
31 247
45 246
53 246
55 245
71 246
78 247
92 244
118 245
129 247
140 246
151 245
190 247
206 247
210 246
210 246
215 245
228 247
252 246
254 244
256 244
305 245
322 245
333 244
337 246
336 246
362 247
373 247
375 244
387 247
387 247
389 245
406 247
421 247
459 244
462 247
7 250
25 251
33 249
73 248
73 248
73 249
75 251
84 251
91 250
113 249
124 248
155 251
170 250
190 248
230 249
261 249
267 250
286 251
322 251
322 248
352 250
355 248
360 250
388 248
418 250
453 250
466 249
468 250
475 251
484 250
486 250
58 253
106 254
119 252
272 253
286 253
304 254
306 253
316 253
331 252
407 253
427 252
449 252
471 254
488 253
488 254
493 253
5 257
5 255
17 258
34 255
34 255
38 257
116 258
120 257
126 256
125 258
145 258
155 255
160 255
169 257
211 257
220 256
245 258
256 256
273 258
276 258
288 257
291 258
310 255
347 258
358 258
403 256
402 257
402 257
430 256
450 258
456 256
457 255
471 256
474 256
482 256
10 261
11 261
22 261
22 260
43 259
43 260
96 261
128 260
129 261
148 261
148 261
168 261
190 261
205 261
265 260
263 260
269 261
282 259
281 259
286 261
286 260
300 260
342 261
353 260
357 260
363 259
378 261
392 259
390 260
399 260
412 261
14 264
20 264
69 263
92 265
94 263
122 263
122 263
146 264
167 263
174 265
193 264
196 262
229 262
238 265
264 262
270 265
278 264
286 263
283 264
325 263
340 264
352 262
361 262
370 263
370 263
384 264
401 263
402 262
426 263
454 264
458 263
476 265
490 262
51 268
68 266
76 268
115 267
117 267
117 267
132 267
191 266
197 266
195 266
214 268
217 266
228 266
244 267
265 267
271 267
299 266
344 267
368 268
419 268
440 268
443 267
456 267
456 267
22 272
47 270
62 269
86 270
93 271
96 272
96 270
120 272
125 270
136 269
140 269
142 270
151 269
150 269
156 269
164 272
194 272
192 271
205 270
223 271
237 270
249 269
280 272
319 269
344 271
349 270
362 272
373 272
377 270
390 271
393 272
395 270
399 270
423 271
438 271
451 271
460 272
460 272
476 271
482 271
482 271
487 270
493 271
15 273
21 274
62 275
118 275
128 275
178 274
224 275
225 275
228 273
233 274
254 275
263 275
272 275
277 273
308 273
319 274
364 275
363 273
363 274
400 273
407 275
421 274
445 274
22 276
39 276
74 276
102 279
116 279
129 278
135 279
158 276
162 277
212 278
212 279
212 277
218 279
217 279
229 278
242 278
244 278
248 277
260 279
263 276
263 279
278 277
315 278
356 278
398 277
436 279
436 279
445 277
445 276
444 276
464 276
465 279
491 278
14 282
42 280
44 281
47 280
67 281
87 280
126 281
139 281
210 280
213 281
262 282
296 282
319 280
364 282
362 282
362 282
371 280
402 281
426 281
430 280
456 281
38 284
38 284
52 283
68 285
85 285
92 286
92 286
107 284
112 284
132 284
133 286
132 286
156 284
160 286
179 284
213 284
230 283
261 285
279 285
279 285
278 284
278 284
288 285
314 283
377 285
380 283
397 285
397 285
410 283
413 283
413 286
437 286
439 283
49 288
56 289
66 287
89 287
103 287
130 288
130 287
162 287
164 288
168 288
187 288
207 288
214 287
261 287
274 289
374 288
378 288
395 287
462 289
472 289
490 289
496 288
0 290
53 293
84 290
129 291
144 293
147 291
152 292
161 293
173 290
273 293
288 290
288 290
304 290
314 291
330 290
361 293
361 290
380 291
388 291
450 291
463 292
492 290
18 294
27 294
32 295
131 296
154 296
157 296
189 296
239 296
367 296
369 295
395 296
409 295
411 296
428 295
472 295
484 296
487 296
0 297
4 299
94 298
94 298
107 297
152 300
177 297
194 300
198 299
224 297
224 297
240 297
240 297
239 297
250 300
261 298
287 298
310 300
351 297
366 298
369 299
392 297
411 298
420 299
444 298
456 298
487 300
10 303
19 304
19 301
54 301
82 302
96 301
149 302
157 304
172 302
217 303
240 302
314 302
339 303
342 304
344 304
357 301
361 302
381 302
416 302
423 301
424 303
443 301
475 302
483 304
493 301
54 306
76 306
116 305
122 306
131 306
172 305
183 307
189 305
193 305
193 306
219 305
239 307
243 305
247 305
270 306
300 306
320 306
342 306
369 305
380 305
382 306
382 306
393 307
434 306
434 306
436 306
452 305
12 311
49 310
47 310
89 310
126 310
124 310
131 309
157 308
157 308
173 311
183 311
192 308
212 311
215 311
237 310
245 310
248 308
277 308
299 308
299 308
321 309
332 308
339 308
343 311
357 311
383 310
391 309
416 308
449 310
463 311
468 310
479 311
481 310
487 310
1 313
4 313
4 313
57 313
66 312
80 314
92 313
103 314
174 313
185 314
216 314
216 314
244 312
252 312
290 314
290 314
301 314
315 314
350 312
365 314
375 314
437 314
471 314
17 318
35 318
65 315
90 318
102 315
118 316
137 318
142 316
153 315
168 317
167 316
195 317
201 318
201 318
207 317
210 316
240 316
245 318
269 318
269 316
317 318
348 315
352 315
394 318
397 317
400 318
415 315
420 318
438 315
448 316
466 316
487 316
498 316
3 319
2 319
13 320
35 319
33 319
46 321
62 320
62 320
68 321
70 320
82 320
82 320
99 320
133 319
139 320
168 320
178 319
217 321
349 321
350 321
372 319
372 319
385 319
409 321
414 320
433 320
447 321
451 319
455 320
488 320
3 324
28 323
168 325
188 322
244 322
261 323
270 322
301 324
301 324
304 325
309 322
314 323
366 322
372 325
384 322
384 323
411 325
414 325
420 324
426 325
455 323
458 324
469 324
476 325
476 324
482 324
35 328
38 328
39 328
44 328
55 327
68 328
89 327
131 327
131 327
177 326
198 326
216 328
252 327
261 327
267 327
300 326
303 327
310 326
356 328
361 327
368 328
372 328
372 328
377 326
388 326
410 327
417 328
462 326
473 328
476 326
32 332
37 329
40 330
43 329
50 330
61 331
114 329
123 332
123 332
134 331
136 332
137 330
212 331
219 332
268 332
274 329
277 332
279 331
298 332
304 330
316 331
340 330
346 331
348 332
361 332
412 331
439 332
457 331
474 331
3 333
4 334
31 334
65 334
110 333
122 335
132 335
169 333
182 334
210 334
209 334
238 333
246 335
255 333
336 333
343 335
343 334
350 333
386 335
390 335
429 333
439 334
449 335
451 334
470 335
493 334
41 336
73 336
132 336
142 337
182 336
186 337
209 336
219 337
224 337
246 336
280 339
310 337
314 337
315 336
331 338
336 339
354 339
361 336
372 337
377 336
376 339
384 337
409 336
441 338
463 339
467 337
476 337
482 336
483 338
489 337
494 336
74 340
86 341
114 341
119 342
120 341
130 340
134 341
147 341
149 342
166 340
163 341
197 341
196 340
245 341
272 341
318 340
325 342
325 342
335 340
335 341
341 342
352 340
361 340
393 340
413 341
469 340
480 342
12 345
17 343
27 346
73 346
75 346
85 344
138 345
158 344
184 345
190 346
210 346
214 345
219 343
220 343
221 343
224 343
238 344
262 346
263 346
265 345
272 344
272 345
276 346
303 346
311 343
310 346
334 344
358 345
370 345
370 345
374 345
395 346
411 345
411 345
417 345
418 346
423 346
423 344
456 346
498 343
2 348
11 350
26 350
34 350
62 348
70 350
85 350
126 348
146 349
169 349
193 347
196 349
212 347
249 347
263 350
278 347
285 348
290 349
324 348
330 348
329 350
356 347
370 347
375 348
393 347
437 349
496 349
12 352
55 351
76 353
81 353
82 351
87 353
107 353
125 353
142 351
148 352
177 351
188 353
225 351
248 353
265 352
286 353
353 351
366 352
366 353
371 352
406 352
420 353
422 352
461 352
490 353
5 354
23 354
63 356
117 357
117 355
136 357
145 356
157 357
170 355
183 354
208 356
268 357
267 355
296 354
298 356
309 355
345 357
352 357
364 357
374 356
396 356
400 354
445 356
446 357
451 357
484 354
493 354
495 357
17 358
20 359
38 360
65 358
69 360
83 360
202 360
219 358
224 360
224 360
258 360
271 358
271 359
309 360
338 358
369 360
397 359
421 358
438 360
0 364
3 364
12 362
31 361
31 361
41 364
49 361
155 362
161 364
246 362
248 363
283 363
334 363
354 361
364 362
387 363
393 363
398 362
409 362
413 361
413 362
420 361
436 362
446 364
470 361
1 367
32 366
47 365
67 366
102 367
107 365
108 365
181 366
181 365
301 367
341 367
340 367
374 367
373 367
391 365
395 366
447 367
454 367
476 366
480 367
16 371
22 370
43 370
76 369
91 368
120 369
144 369
170 368
179 371
265 368
340 368
371 371
440 371
445 368
462 368
478 371
18 372
55 373
104 372
103 373
117 374
122 373
132 374
250 373
260 373
264 372
272 374
290 373
313 374
333 373
371 372
376 372
386 372
397 372
414 372
424 372
431 374
429 373
433 374
442 374
484 374
483 372
490 372
34 378
38 377
46 375
58 377
94 375
98 377
159 377
159 377
196 376
196 376
196 376
196 376
202 378
220 378
246 377
249 377
252 378
275 378
283 378
289 375
300 377
317 375
333 375
335 377
339 376
393 375
404 377
404 377
410 377
414 376
414 376
434 376
469 377
473 376
476 376
29 381
69 380
73 380
110 381
115 381
121 381
181 381
207 381
259 380
303 381
339 381
344 379
358 381
364 381
380 379
388 380
403 379
496 380
25 382
45 385
63 384
123 382
130 384
145 383
146 382
181 383
228 382
246 385
256 383
266 382
290 384
307 382
331 385
342 383
343 383
361 383
361 383
366 384
400 382
404 384
408 383
422 385
460 385
464 385
477 383
485 385
491 384
4 386
36 388
37 388
47 386
63 386
64 387
68 388
72 387
88 388
90 388
157 388
167 386
173 388
210 387
233 386
237 388
246 388
267 387
308 387
381 386
385 387
440 386
440 386
447 387
472 387
478 387
495 388
16 389
27 390
28 392
39 391
44 389
50 391
54 390
65 390
79 390
88 390
93 392
124 392
124 389
127 391
214 392
214 392
219 391
219 391
219 391
217 392
232 390
272 390
273 392
294 389
325 392
327 390
330 391
340 389
370 389
377 392
387 389
398 389
405 391
444 392
482 391
492 389
11 393
20 395
58 393
72 395
94 393
133 394
148 394
167 395
182 394
181 393
200 395
202 394
220 393
229 393
249 393
262 393
275 393
294 393
329 395
346 395
378 393
400 393
429 395
483 394
494 394
493 393
495 394
2 397
6 396
15 399
43 397
74 398
96 397
112 396
112 396
124 398
125 396
133 398
158 399
186 399
190 396
192 397
207 397
210 398
237 396
290 397
343 399
364 396
364 396
364 396
410 397
415 399
421 397
428 397
467 397
477 399
478 396
497 398
31 402
49 403
76 403
88 400
93 400
104 400
123 402
138 402
147 401
173 401
213 400
217 403
241 403
248 402
344 402
355 401
379 401
386 403
400 400
436 400
465 403
467 401
497 402
13 404
31 406
36 405
38 405
46 406
51 406
94 406
119 405
152 404
165 404
200 405
209 405
238 404
244 406
299 405
310 406
315 406
326 406
344 404
357 404
379 405
399 404
412 405
419 404
438 406
443 404
486 404
491 405
491 405
30 409
30 407
43 409
55 409
97 408
100 410
134 410
133 410
182 408
182 408
216 407
233 407
232 408
241 409
250 407
262 407
276 410
292 410
306 408
325 407
353 410
369 409
417 409
422 407
433 408
438 408
449 407
451 410
477 407
35 411
44 412
46 411
58 412
86 411
177 413
178 413
197 411
230 411
272 411
299 411
335 413
347 413
361 413
458 412
468 412
474 413
477 413
493 413
16 417
27 416
70 414
110 417
123 415
137 414
152 415
175 414
229 414
255 416
256 414
261 415
263 415
268 416
300 415
302 416
312 414
339 414
351 416
375 417
379 417
381 415
385 415
389 417
395 416
427 415
426 415
428 417
459 417
462 414
27 418
62 420
89 420
106 419
112 420
124 419
136 419
162 420
184 419
190 420
217 418
261 420
270 419
313 418
317 418
339 420
417 419
456 419
483 418
7 423
12 424
20 422
53 422
51 424
81 421
98 421
106 424
204 423
206 423
217 422
240 421
239 421
243 422
299 422
303 423
313 424
336 421
340 422
357 424
369 422
392 421
402 424
414 422
423 423
462 422
466 421
7 425
12 425
72 427
117 425
133 425
139 427
147 426
188 426
201 426
266 425
282 425
291 427
297 425
307 427
309 425
321 426
359 425
361 425
389 426
448 427
464 425
479 425
481 426
5 430
16 429
42 430
50 429
66 431
67 430
88 431
88 431
107 430
130 428
135 429
141 429
160 430
172 430
215 429
227 428
241 429
242 429
252 429
255 429
264 430
304 428
319 431
331 429
333 431
339 430
339 430
338 431
360 428
362 428
361 428
368 431
372 428
376 428
384 429
387 431
390 430
389 428
395 429
423 428
447 428
458 431
5 434
19 434
62 433
63 434
78 433
103 432
116 432
126 434
138 434
147 432
237 434
251 432
277 432
321 432
327 433
385 434
405 433
405 434
408 434
459 434
7 436
24 435
41 436
47 437
89 436
92 435
96 436
102 436
107 436
144 437
152 438
155 436
157 436
162 435
164 435
183 437
192 437
281 436
302 435
309 438
319 436
319 436
332 436
340 438
348 437
353 436
357 435
373 437
377 438
384 435
383 437
389 438
403 438
410 438
409 436
436 436
491 437
491 436
22 439
84 440
142 440
187 440
196 441
196 441
216 441
236 440
236 440
280 439
323 439
338 441
350 440
386 441
415 441
430 441
432 439
440 440
477 441
494 439
4 443
22 445
33 444
33 444
53 442
67 445
71 442
81 443
83 444
84 443
92 443
108 445
112 443
114 442
120 443
130 442
150 444
162 444
173 445
236 445
247 443
252 443
259 442
274 442
282 444
282 444
300 443
337 445
356 444
367 442
386 442
386 442
395 444
400 445
423 442
421 445
433 445
441 445
448 443
464 442
466 443
480 444
28 446
28 446
29 449
35 448
51 448
51 448
62 447
63 446
61 446
108 447
229 449
232 447
232 448
234 447
260 448
289 449
289 448
356 449
356 449
371 449
380 446
386 447
394 447
405 449
431 446
450 446
457 448
458 447
475 446
478 449
74 451
73 450
121 450
174 452
179 450
188 451
198 452
247 450
257 450
356 452
363 452
369 452
408 451
438 451
447 451
458 450
24 456
26 455
33 455
42 453
42 453
47 455
89 455
123 453
129 456
174 453
179 456
180 454
198 456
212 454
225 456
247 456
253 456
259 456
278 455
290 454
294 454
299 455
299 455
313 454
315 454
324 454
329 454
343 454
349 456
356 453
361 456
364 456
388 456
394 456
427 454
429 454
442 453
442 455
446 456
446 454
456 454
479 454
490 456
490 456
6 457
17 457
76 457
78 459
81 459
93 458
109 457
179 458
195 458
216 459
247 458
282 458
305 457
308 459
311 459
342 458
340 457
349 457
366 459
383 458
383 459
394 457
411 458
19 462
59 462
63 463
82 461
86 463
89 461
110 461
115 463
141 463
183 462
225 463
293 460
305 462
326 461
338 460
342 462
342 462
351 462
370 461
374 460
380 461
386 460
389 460
393 463
459 461
466 463
495 460
17 466
24 464
89 466
93 465
130 465
138 464
158 466
185 466
202 466
218 464
266 466
291 466
303 465
379 466
379 466
396 465
401 466
425 466
425 466
457 465
461 466
465 465
466 466
471 464
27 469
39 468
77 469
118 469
119 469
134 468
135 467
180 469
194 468
201 467
211 468
217 467
228 469
241 469
247 468
254 467
254 468
271 469
284 468
288 470
296 468
354 470
358 470
376 467
378 469
398 469
434 468
439 470
464 467
2 472
2 472
9 471
44 472
72 472
89 472
89 473
105 472
149 471
184 471
212 473
217 471
230 473
230 472
272 471
306 472
307 471
324 472
342 471
352 471
357 472
367 472
367 473
377 473
385 473
404 473
423 471
436 471
490 471
497 472
496 471
32 477
43 477
54 474
55 476
69 476
86 474
102 476
107 476
125 474
138 475
195 476
230 477
240 477
238 476
247 474
259 474
293 474
292 477
299 474
304 477
340 477
350 476
379 474
393 474
393 477
445 476
478 477
491 475
494 474
496 474
496 474
7 480
19 480
67 480
143 479
143 480
187 480
193 480
222 479
232 479
236 479
242 479
321 480
328 480
331 479
330 479
330 479
361 479
382 480
402 479
422 479
478 479
488 478
53 482
65 482
71 483
83 483
97 483
126 483
135 483
135 483
138 481
144 482
171 483
171 483
190 483
194 482
205 482
211 483
235 483
258 483
265 481
273 482
292 482
290 484
298 483
322 484
350 481
359 484
361 484
381 482
400 481
416 484
424 484
456 483
458 483
479 484
9 486
9 485
62 487
95 486
125 486
132 487
148 485
155 487
188 485
195 486
205 485
241 485
247 486
246 485
255 485
271 487
291 485
297 486
326 485
331 485
345 486
349 487
359 485
365 486
373 487
390 485
443 486
486 487
494 487
15 491
24 491
86 489
97 490
107 489
113 490
126 490
145 490
162 491
187 489
196 491
198 488
204 488
202 489
208 490
207 489
211 490
212 489
243 489
283 491
290 491
297 490
297 491
332 489
339 490
339 488
364 488
385 488
389 489
395 491
394 489
422 488
447 490
474 490
4 494
46 494
47 493
55 492
55 492
63 492
112 492
127 492
124 492
137 493
155 492
174 493
174 493
195 493
199 494
201 493
206 493
213 494
262 492
274 492
299 492
382 494
412 493
411 492
425 493
438 494
444 493
465 494
469 494
473 492
4 495
9 498
14 498
61 496
83 498
102 496
120 498
118 496
126 498
139 497
151 497
157 496
170 497
185 498
190 496
191 497
192 498
196 498
232 496
254 495
307 498
320 495
332 495
344 496
384 497
394 497
422 498
449 497
451 497
477 495
477 495
483 496
493 498
495 495
495 497
